   5.8333300e+01   1.7500000e+03  -9.9000000e+02
   1.1666670e+02   1.7500000e+03  -9.9000000e+02
   1.7500000e+02   1.7500000e+03  -9.9000000e+02
   2.3333330e+02   1.7500000e+03  -9.9000000e+02
   2.9166670e+02   1.7500000e+03  -9.9000000e+02
   3.5000000e+02   1.7500000e+03  -9.9000000e+02
   4.0833330e+02   1.7500000e+03  -9.9000000e+02
   4.6666670e+02   1.7500000e+03  -9.9000000e+02
   5.2500000e+02   1.7500000e+03  -9.9000000e+02
   5.8333330e+02   1.7500000e+03  -9.9000000e+02
   6.4166670e+02   1.7500000e+03  -9.9000000e+02
   7.0000000e+02   1.7500000e+03  -9.9000000e+02
   7.5833330e+02   1.7500000e+03  -9.9000000e+02
   8.1666670e+02   1.7500000e+03  -9.9000000e+02
   8.7500000e+02   1.7500000e+03  -9.9000000e+02
   9.3333330e+02   1.7500000e+03  -9.9000000e+02
   9.9166670e+02   1.7500000e+03  -9.9000000e+02
   1.0500000e+03   1.7500000e+03  -9.9000000e+02
   1.1083333e+03   1.7500000e+03  -9.9000000e+02
   1.1666667e+03   1.7500000e+03  -9.9000000e+02
   1.2250000e+03   1.7500000e+03  -9.9000000e+02
   1.2833333e+03   1.7500000e+03  -9.9000000e+02
   1.3416667e+03   1.7500000e+03  -9.9000000e+02
   1.4000000e+03   1.7500000e+03  -9.9000000e+02
   1.4583333e+03   1.7500000e+03  -9.9000000e+02
   1.5166667e+03   1.7500000e+03  -9.9000000e+02
   1.5750000e+03   1.7500000e+03  -9.9000000e+02
   1.6333333e+03   1.7500000e+03  -9.9000000e+02
   1.6916667e+03   1.7500000e+03  -9.9000000e+02
   1.7500000e+03   1.7500000e+03  -9.9000000e+02
   1.8083333e+03   1.7500000e+03  -9.9000000e+02
   1.8666667e+03   1.7500000e+03  -9.9000000e+02
   1.9250000e+03   1.7500000e+03  -9.9000000e+02
   1.9833333e+03   1.7500000e+03  -9.9000000e+02
   2.0416667e+03   1.7500000e+03  -9.9000000e+02
   2.1000000e+03   1.7500000e+03  -9.9000000e+02
   2.1583333e+03   1.7500000e+03  -9.9000000e+02
   2.2166667e+03   1.7500000e+03  -9.9000000e+02
   2.2750000e+03   1.7500000e+03  -9.9000000e+02
   2.3333333e+03   1.7500000e+03  -9.9000000e+02
   2.3916667e+03   1.7500000e+03  -9.9000000e+02
   2.4500000e+03   1.7500000e+03  -9.9000000e+02
   2.5083333e+03   1.7500000e+03  -9.9000000e+02
   2.5666667e+03   1.7500000e+03  -9.9000000e+02
   2.6250000e+03   1.7500000e+03  -9.9000000e+02
   2.6833333e+03   1.7500000e+03  -9.9000000e+02
   2.7416667e+03   1.7500000e+03  -9.9000000e+02
   2.8000000e+03   1.7500000e+03  -9.9000000e+02
   2.8583333e+03   1.7500000e+03  -9.9000000e+02
   2.9166667e+03   1.7500000e+03  -9.9000000e+02
   2.9750000e+03   1.7500000e+03  -9.9000000e+02
   3.0333333e+03   1.7500000e+03  -9.9000000e+02
   3.0916667e+03   1.7500000e+03  -9.9000000e+02
   3.1500000e+03   1.7500000e+03  -9.9000000e+02
   3.2083333e+03   1.7500000e+03  -9.9000000e+02
   3.2666667e+03   1.7500000e+03  -9.9000000e+02
   3.3250000e+03   1.7500000e+03  -9.9000000e+02
   3.3833333e+03   1.7500000e+03  -9.9000000e+02
